600 100
500 100
500 1.98952e-13
600 100
500 200
500 100
600 100
700 0
700 100
600 100
700 100
700 200
500 341.421
570.711 412.132
500 482.843
500 341.421
641.421 341.421
570.711 412.132
500 341.421
570.711 270.711
641.421 341.421
500 341.421
500 200
570.711 270.711
300 541.421
300 400
370.711 470.711
300 541.421
370.711 470.711
441.421 541.421
300 541.421
441.421 541.421
370.711 612.132
300 541.421
370.711 612.132
300 682.843
441.421 682.843
300 682.843
370.711 612.132
441.421 682.843
370.711 612.132
441.421 541.421
441.421 682.843
441.421 541.421
512.132 612.132
441.421 682.843
512.132 612.132
582.843 682.843
400 500
500 600
500 500
400 500
500 500
500 400
400 500
500 400
400 400
400 500
400 400
300 400
400 300
300 400
400 400
400 300
400 400
500 400
400 300
500 400
500 300
400 300
500 300
500 200
600 200
500 200
600 100
600 200
600 100
700 200
600 200
700 200
600 300
600 200
600 300
500 200
200 582.843
300 682.843
200 682.843
200 582.843
200 682.843
100 682.843
100 682.843
200 582.843
100 582.843
100 682.843
100 582.843
0 582.843
