182.843 382.843
82.8427 382.843
82.8427 282.843
182.843 382.843
82.8427 482.843
82.8427 382.843
141.421 141.421
0 141.421
70.7107 70.7107
141.421 141.421
70.7107 70.7107
141.421 0
582.843 182.843
582.843 282.843
482.843 282.843
582.843 182.843
682.843 282.843
582.843 282.843
582.843 182.843
682.843 182.843
682.843 282.843
582.843 182.843
682.843 82.8427
682.843 182.843
382.843 382.843
482.843 482.843
382.843 482.843
382.843 382.843
382.843 482.843
282.843 482.843
382.843 382.843
282.843 482.843
282.843 382.843
382.843 382.843
282.843 382.843
282.843 282.843
182.843 382.843
282.843 282.843
282.843 382.843
182.843 382.843
282.843 382.843
282.843 482.843
182.843 382.843
282.843 482.843
182.843 482.843
182.843 382.843
182.843 482.843
82.8427 482.843
582.843 382.843
682.843 282.843
582.843 282.843
582.843 382.843
582.843 282.843
482.843 282.843
582.843 382.843
482.843 282.843
482.843 382.843
582.843 382.843
482.843 382.843
482.843 482.843
382.843 382.843
482.843 482.843
482.843 382.843
382.843 382.843
482.843 382.843
482.843 282.843
382.843 382.843
482.843 282.843
382.843 282.843
382.843 382.843
382.843 282.843
282.843 282.843
182.843 282.843
82.8427 282.843
182.843 182.843
182.843 282.843
182.843 182.843
282.843 282.843
182.843 282.843
282.843 282.843
182.843 382.843
182.843 282.843
182.843 382.843
82.8427 282.843
282.843 141.421
282.843 282.843
212.132 212.132
282.843 141.421
212.132 212.132
141.421 141.421
141.421 141.421
282.843 141.421
212.132 70.7107
141.421 141.421
212.132 70.7107
141.421 0
