166.894 320.956
96.183 391.667
25.4724 320.956
166.894 320.956
166.894 462.377
96.183 391.667
308.315 462.377
308.315 320.956
379.026 391.667
308.315 462.377
379.026 391.667
449.736 462.377
449.736 320.956
379.026 391.667
308.315 320.956
449.736 320.956
449.736 462.377
379.026 391.667
449.736 320.956
520.447 391.667
449.736 462.377
449.736 320.956
591.158 320.956
520.447 391.667
138.704 258.071
0 230.481
83.147 174.924
138.704 258.071
83.147 174.924
166.294 119.367
138.704 258.071
166.294 119.367
221.851 202.514
138.704 258.071
221.851 202.514
277.408 285.661
304.998 146.957
277.408 285.661
221.851 202.514
304.998 146.957
221.851 202.514
166.294 119.367
304.998 146.957
166.294 119.367
249.441 63.8103
304.998 146.957
249.441 63.8103
332.588 8.25328
491.621 282.843
633.043 282.843
562.332 212.132
491.621 282.843
562.332 212.132
491.621 141.421
491.621 282.843
491.621 141.421
420.911 212.132
491.621 282.843
420.911 212.132
350.2 282.843
350.2 141.421
350.2 282.843
420.911 212.132
350.2 141.421
420.911 212.132
491.621 141.421
350.2 141.421
491.621 141.421
420.911 70.7107
350.2 141.421
420.911 70.7107
350.2 0
237.604 391.667
166.894 462.377
166.894 320.956
237.604 391.667
166.894 320.956
308.315 320.956
237.604 391.667
308.315 320.956
308.315 462.377
237.604 391.667
308.315 462.377
166.894 462.377
591.158 320.956
732.579 320.956
661.868 391.667
591.158 320.956
661.868 391.667
591.158 462.377
591.158 462.377
591.158 320.956
520.447 391.667
591.158 462.377
520.447 391.667
449.736 462.377
