200 798.716
300 798.716
300 898.716
200 798.716
300 698.716
300 798.716
200 598.716
300 498.716
300 598.716
200 598.716
300 598.716
300 698.716
200 457.295
129.289 528.005
58.5787 457.295
200 457.295
200 598.716
129.289 528.005
200 457.295
270.711 528.005
200 598.716
200 457.295
341.421 457.295
270.711 528.005
300 898.716
400 998.716
300 998.716
300 898.716
300 998.716
200 998.716
300 898.716
200 998.716
200 898.716
300 898.716
200 898.716
200 798.716
100 898.716
200 798.716
200 898.716
100 898.716
200 898.716
200 998.716
100 898.716
200 998.716
100 998.716
100 898.716
100 998.716
0 998.716
200 598.716
100 498.716
100 598.716
200 598.716
100 598.716
100 698.716
200 598.716
100 698.716
200 698.716
200 598.716
200 698.716
300 698.716
200 798.716
300 698.716
200 698.716
200 798.716
200 698.716
100 698.716
200 798.716
100 698.716
100 798.716
200 798.716
100 798.716
100 898.716
198.289 386.584
127.579 315.873
269 315.873
198.289 386.584
269 315.873
269 457.295
198.289 386.584
269 457.295
127.579 457.295
198.289 386.584
127.579 457.295
127.579 315.873
257.328 184.776
203.209 315.432
164.94 223.044
257.328 184.776
164.94 223.044
126.672 130.656
126.672 130.656
257.328 184.776
219.06 92.388
126.672 130.656
219.06 92.388
180.791 0
