100 300
4.37114e-06 300
8.74228e-06 200
100 300
0 400
4.37114e-06 300
200 0
300 100
200 100
200 0
200 100
100 100
300 300
400 300
400 400
300 300
400 200
400 300
300 300
300 200
400 200
300 300
200 200
300 200
100 300
200 200
200 300
100 300
200 300
200 400
100 300
200 400
100 400
100 300
100 400
2.27374e-13 400
100 500
2.27374e-13 400
100 400
100 500
100 400
200 400
100 500
200 400
200 500
100 500
200 500
200 600
300 300
200 200
200 300
300 300
200 300
200 400
300 300
200 400
300 400
300 300
300 400
400 400
300 500
400 400
300 400
300 500
300 400
200 400
300 500
200 400
200 500
300 500
200 500
200 600
100 200
8.74228e-06 200
100 100
100 200
100 100
200 200
100 200
200 200
100 300
100 200
100 300
8.74228e-06 200
300 100
400 200
300 200
300 100
300 200
200 200
200 200
300 100
200 100
200 200
200 100
100 100
