223.562 738.326
152.851 667.615
223.562 596.904
223.562 738.326
82.1405 738.326
152.851 667.615
40.7191 455.483
140.719 355.483
140.719 455.483
40.7191 455.483
140.719 455.483
140.719 555.483
323.562 638.326
223.562 638.326
223.562 538.326
323.562 638.326
223.562 738.326
223.562 638.326
323.562 638.326
323.562 738.326
223.562 738.326
323.562 638.326
423.562 738.326
323.562 738.326
140.719 314.062
140.719 172.64
211.43 243.351
140.719 314.062
211.43 243.351
282.14 314.062
140.719 314.062
282.14 314.062
211.43 384.772
140.719 314.062
211.43 384.772
140.719 455.483
282.14 455.483
140.719 455.483
211.43 384.772
282.14 455.483
211.43 384.772
282.14 314.062
282.14 455.483
282.14 314.062
352.851 384.772
282.14 455.483
352.851 384.772
423.562 455.483
282.14 455.483
140.719 455.483
211.43 526.194
282.14 455.483
211.43 526.194
282.14 596.904
282.14 455.483
282.14 596.904
352.851 526.194
282.14 455.483
352.851 526.194
423.562 455.483
423.562 596.904
423.562 455.483
352.851 526.194
423.562 596.904
352.851 526.194
282.14 596.904
423.562 596.904
282.14 596.904
352.851 667.615
423.562 596.904
352.851 667.615
423.562 738.326
70.7107 181.825
3.09086e-06 252.535
0 111.114
70.7107 181.825
0 111.114
141.421 111.114
70.7107 181.825
141.421 111.114
141.421 252.535
70.7107 181.825
141.421 252.535
3.09086e-06 252.535
307.715 0
446.419 27.5899
363.272 83.147
307.715 0
363.272 83.147
280.125 138.704
280.125 138.704
307.715 0
224.568 55.557
280.125 138.704
224.568 55.557
141.421 111.114
