341.421 382.843
341.421 282.843
441.421 282.843
341.421 382.843
241.421 282.843
341.421 282.843
341.421 382.843
441.421 282.843
441.421 382.843
341.421 382.843
441.421 382.843
441.421 482.843
141.421 382.843
141.421 282.843
241.421 282.843
141.421 382.843
41.4214 282.843
141.421 282.843
141.421 382.843
41.4213 382.843
41.4214 282.843
141.421 382.843
41.4213 482.843
41.4213 382.843
341.421 382.843
441.421 482.843
341.421 482.843
341.421 382.843
341.421 482.843
241.421 482.843
341.421 382.843
241.421 482.843
241.421 382.843
341.421 382.843
241.421 382.843
241.421 282.843
141.421 382.843
241.421 282.843
241.421 382.843
141.421 382.843
241.421 382.843
241.421 482.843
141.421 382.843
241.421 482.843
141.421 482.843
141.421 382.843
141.421 482.843
41.4214 482.843
241.421 182.843
141.421 282.843
241.421 282.843
241.421 182.843
241.421 282.843
341.421 282.843
241.421 182.843
341.421 282.843
341.421 182.843
241.421 182.843
341.421 182.843
341.421 82.8427
441.421 182.843
341.421 82.8427
341.421 182.843
441.421 182.843
341.421 182.843
341.421 282.843
441.421 182.843
341.421 282.843
441.421 282.843
441.421 182.843
441.421 282.843
541.421 282.843
212.132 70.7107
141.421 141.421
141.421 3.09086e-06
212.132 70.7107
141.421 3.09086e-06
282.843 0
212.132 70.7107
282.843 0
282.843 141.421
212.132 70.7107
282.843 141.421
141.421 141.421
141.421 141.421
282.843 141.421
212.132 212.132
141.421 141.421
212.132 212.132
141.421 282.843
141.421 282.843
141.421 141.421
70.7107 212.132
141.421 282.843
70.7107 212.132
0 282.843
