340.386 300
340.386 400
240.386 400
340.386 300
440.386 400
340.386 400
140.386 158.579
281.807 158.579
211.096 229.289
140.386 158.579
211.096 229.289
140.386 300
3.09086e-06 226.491
70.7107 297.201
6.18172e-06 367.912
3.09086e-06 226.491
141.421 226.491
70.7107 297.201
3.09086e-06 226.491
70.7107 155.78
141.421 226.491
3.09086e-06 226.491
0 85.0693
70.7107 155.78
340.386 100
440.386 0
440.386 100
340.386 100
440.386 100
440.386 200
340.386 100
440.386 200
340.386 200
340.386 100
340.386 200
240.386 200
340.386 300
240.386 200
340.386 200
340.386 300
340.386 200
440.386 200
340.386 300
440.386 200
440.386 300
340.386 300
440.386 300
440.386 400
540.386 100
440.386 5.65592e-12
440.386 100
540.386 100
440.386 100
440.386 200
540.386 100
440.386 200
540.386 200
540.386 100
540.386 200
640.386 200
540.386 300
640.386 200
540.386 200
540.386 300
540.386 200
440.386 200
540.386 300
440.386 200
440.386 300
540.386 300
440.386 300
440.386 400
240.386 300
140.386 300
240.386 200
240.386 300
240.386 200
340.386 300
240.386 300
340.386 300
240.386 400
240.386 300
240.386 400
140.386 300
281.807 17.1573
423.228 17.1573
352.518 87.868
281.807 17.1573
352.518 87.868
281.807 158.579
281.807 158.579
281.807 17.1573
211.096 87.868
281.807 158.579
211.096 87.868
140.386 158.579
